atom: 30000
SNN:  0.990864758579133
atom: 10 cond
SNN:  0.9864069430997187
smilespe: 30000
SNN:  0.9774226313677733
smilespe: 10 cond
SNN:  0.9805029846714203
